50.0
50.25
50.5
50.75
51.0
51.25
51.5
51.75
52.0
52.25
52.5
52.75
53.0
53.25
53.5
53.75
54.0
54.25
54.5
54.75
55.0
55.25
55.5
55.75
56.0
56.25
56.5
56.75
57.0
57.25
57.5
57.75
58.0
58.25
58.5
58.75
59.0
59.25
59.5
59.75
60.0
60.25
60.5
60.75
61.0
61.25
61.5
61.75
62.0
62.25
62.5
62.75
63.0
63.25
63.5
63.75
64.0
64.25
64.5
64.75
65.0
65.25
65.5
65.75
66.0
66.25
66.5
66.75
67.0
67.25
67.5
67.75
68.0
68.25
68.5
68.75
69.0
69.25
69.5
69.75
70.0
70.25
70.5
70.75
71.0
71.25
71.5
71.75
72.0
72.25
72.5
72.75
73.0
73.25
73.5
73.75
74.0
74.25
74.5
74.75
75.0
75.25
75.5
75.75
76.0
76.25
76.5
76.75
77.0
77.25
77.5
77.75
78.0
78.25
78.5
78.75
79.0
79.25
79.5
79.75
80.0
80.25
80.5
80.75
81.0
81.25
81.5
81.75
82.0
82.25
82.5
82.75
83.0
83.25
83.5
83.75
84.0
84.25
84.5
84.75
85.0
85.25
85.5
85.75
86.0
86.25
86.5
86.75
87.0
87.25
87.5
87.75
88.0
88.25
88.5
88.75
89.0
89.25
89.5
89.75
90.0
90.25
90.5
90.75
91.0
91.25
91.5
91.75
92.0
92.25
92.5
92.75
93.0
93.25
93.5
93.75
94.0
94.25
94.5
94.75
95.0
95.25
95.5
95.75
96.0
96.25
96.5
96.75
97.0
97.25
97.5
97.75
98.0
98.25
98.5
98.75
99.0
99.25
99.5
99.75
74.44169603515455
110.68868426033706
84.36136250976566
103.32132215601293
93.63772886855125
96.1884380591571
105.7992831999682
110.51302053048519
105.75091493021841
95.95249387103235
97.31676344894849
82.65767006460234
102.50150715980452
92.4473853295797
92.07852751081477
95.77446654880531
100.33795098357771
95.05391631466992
91.81059144395134
95.61612492290836
97.53000678945929
92.05534571956542
89.87951648754603
126.55262149533614
108.5947697273834
106.15996483198725
93.62683058407642
92.4599970468569
103.6931607882942
111.36792607857616
114.24705447466461
117.56426130930491
96.5941326869077
86.35333581057432
91.65001765403056
106.57002515060006
81.24767714630475
92.00412194448622
109.82790678809803
100.07632814922916
92.99822862221363
82.60067251317767
95.7376048762051
103.17791406740541
118.97883350561604
99.05219980532088
106.82979137203921
102.0787931350798
88.90207662543104
112.577629217251
106.18967784661318
86.07890862078592
89.50661644062862
90.19726325761138
100.51199678657305
89.33173634578169
102.12422294951263
104.63736868553003
92.19942299013725
100.87615824693869
112.95164270946232
79.20386250999177
121.35628570283546
105.26922309497894
97.60761078627245
109.05378200407058
115.27416851410423
84.2699059414088
111.1109402757452
113.95329086340932
103.53926548842605
84.07611898900026
103.49877017482123
98.74893762343706
106.29316119487571
95.5992910557209
96.74620594803963
96.72800470935309
99.9185477927525
106.27810610865284
99.46725258587882
93.85775361815293
83.72921061288204
88.80985753287574
83.93321061913045
91.19908844220544
107.89201484676767
107.60763246496714
102.73692279539111
92.33456778603063
111.16680631328833
105.35793249768618
108.24491663858873
94.49552316398288
117.96097449777861
104.79637485024121
129.97099035497507
100.10718989652352
98.67948264969694
92.14162991185968
101.15896400526361
79.15275342111414
110.47396452999276
110.39193918930053
87.1062701870687
93.56287825644986
109.54188625943225
94.85454237605116
118.40145792900609
99.51732304314925
103.40890697867478
82.29720199922171
100.85508228955098
109.63927185035625
100.30361254888977
96.78203420809538
108.91497355590012
97.98251472840846
82.9310692566933
112.23078826649608
98.58606212041803
110.62887661045305
68.99846659112251
92.43119068372962
110.64512938280369
98.78061599166034
96.46036487238003
95.90208882682917
102.29240059289457
100.00773790584144
84.47270122089411
94.10757660340168
104.56474131633988
119.36204088905913
103.59754638389543
88.35850285903936
115.6295269235786
108.60076490801322
97.85898564703312
99.69952383824865
81.61452457846332
96.27474877516157
108.38023553530984
88.20865650480276
112.25974679275241
100.69268221935485
106.89785753621209
87.6477539018405
92.50784169360509
86.09199679958299
103.19623960343145
95.93146568737876
95.4266448344387
84.27650599522273
80.45639850985478
93.32951167070938
93.39276355014519
88.07649988620395
85.57231581025638
104.12898830487474
98.26744042692505
113.5333850613053
104.09307079282716
123.72393796439624
92.85444918537581
95.35277584357493
97.05476981116809
98.05218027554518
97.50876885813082
103.99598358799634
100.13794629935406
104.52093311450294
114.35820616741807
99.56877488680547
101.33658132337787
104.96933795032893
90.30518309413831
102.13572099283999
97.29710270124073
99.82421496321756
114.32852048944333
108.9170360769809
108.01149251261086
94.12244152867265
96.75565681510167
101.93996661268392
107.07101276930065
100.0454358400157
86.31492434170198
97.99644233933888
100.52684090120879
92.88668259899829
110.30130333701823
89.5834369803955
90.78766783255872
113.1373805206805
103.36930317021717
100.61284640413886
98.297067950588
94.35906477478575
100.0
99.75
99.5
99.25
99.0
98.75
98.5
98.25
98.0
97.75
97.5
97.25
97.0
96.75
96.5
96.25
96.0
95.75
95.5
95.25
95.0
94.75
94.5
94.25
94.0
93.75
93.5
93.25
93.0
92.75
92.5
92.25
92.0
91.75
91.5
91.25
91.0
90.75
90.5
90.25
90.0
89.75
89.5
89.25
89.0
88.75
88.5
88.25
88.0
87.75
87.5
87.25
87.0
86.75
86.5
86.25
86.0
85.75
85.5
85.25
85.0
84.75
84.5
84.25
84.0
83.75
83.5
83.25
83.0
82.75
82.5
82.25
82.0
81.75
81.5
81.25
81.0
80.75
80.5
80.25
80.0
79.75
79.5
79.25
79.0
78.75
78.5
78.25
78.0
77.75
77.5
77.25
77.0
76.75
76.5
76.25
76.0
75.75
75.5
75.25
75.0
74.75
74.5
74.25
74.0
73.75
73.5
73.25
73.0
72.75
72.5
72.25
72.0
71.75
71.5
71.25
71.0
70.75
70.5
70.25
70.0
69.75
69.5
69.25
69.0
68.75
68.5
68.25
68.0
67.75
67.5
67.25
67.0
66.75
66.5
66.25
66.0
65.75
65.5
65.25
65.0
64.75
64.5
64.25
64.0
63.75
63.5
63.25
63.0
62.75
62.5
62.25
62.0
61.75
61.5
61.25
61.0
60.75
60.5
60.25
60.0
59.75
59.5
59.25
59.0
58.75
58.5
58.25
58.0
57.75
57.5
57.25
57.0
56.75
56.5
56.25
56.0
55.75
55.5
55.25
55.0
54.75
54.5
54.25
54.0
53.75
53.5
53.25
53.0
52.75
52.5
52.25
52.0
51.75
51.5
51.25
51.0
50.75
50.5
50.25
52.06596329022943
32.10234707777582
52.44253858606957
42.64268168308159
51.73857520839405
47.43788858972211
40.281632061117236
56.45797739105587
50.745833720465946
52.247235634363875
50.6388061673333
52.85254565570668
47.0052671655995
41.73142042237524
54.987396069078336
49.241947082201015
43.730319780529015
45.017855766812424
65.6939214255243
59.13930942255048
43.199873157231565
49.773528960383715
56.86460264809146
45.622106777599235
48.69134109720117
47.53994863678038
59.59459118315926
61.84599490860013
51.64798655717083
57.801442283861896
31.3965782212409
43.85874439992739
55.55088297568502
55.184327171695294
56.97087463010734
41.7822789899318
31.82890905555518
49.370395522481516
40.28325011624216
65.28372289826933
34.46544513103624
50.453439965801884
51.199182136038274
40.07732313047718
59.14844777289555
55.63001604315897
56.63021670799977
43.150752869325125
49.41290030318654
47.90714910964299
57.50356457123466
35.15337474185468
48.9630728501895
63.51269159540782
53.498853986561976
52.973534797609695
46.478988259617644
36.39590832259081
54.869782863892546
47.68137762412319
59.68953107372403
46.34632093639686
52.718464081614485
44.27091851483751
34.26028571155269
36.780474059315154
65.35727492733787
58.5703492675064
45.3342348529725
55.767129260733746
40.6995578112374
44.451620166476545
36.65689407290468
49.246238107341185
73.60601066854318
42.665774104686314
47.10972291733408
48.095268372388226
56.701678401390474
52.76403832758365
40.859563360096786
47.828007611711556
42.08701079830193
57.837976426220585
50.64437553034856
68.30573264923062
47.20521685211342
40.38528354141418
54.82363583816061
34.31120613925398
33.591762682269554
47.74024569619619
59.2826292342687
74.07547437309415
53.58670899175789
54.42971776395778
54.64078774244892
47.816381264730985
35.942244591382774
48.43089087587059
47.12167817111785
32.03706168094373
53.227878460295116
34.14136623620206
58.93891594131536
34.86813567696993
64.94158874729015
49.997498161998955
54.38190515086118
37.2392151802883
54.064860758451026
42.28531087620466
64.747834263654
47.70170740421982
52.12806750702689
36.24335518096528
63.54390711724875
49.99601072049665
64.89826182892055
54.47484417159844
44.67354256228255
70.03117569759247
47.53145043904774
70.55007289947739
52.771097925586645
72.72075909821248
54.41772868983639
50.26556996191937
54.68285258828885
46.304372544872564
57.13156297183762
48.13046270854955
63.68816606970122
55.96114972651732
62.19548936509821
41.025170264210445
30.69827961298323
60.419050197565625
59.41823232576988
69.04554871176711
59.94522098153522
48.59264755520462
35.21958177764605
40.614512787536164
50.64108016198981
52.502252024027875
44.62578698729354
52.255404958910944
59.49432957254748
51.32084314013022
51.030953714940665
39.66878975328586
57.337317281245724
53.30691746113276
53.44389334099688
44.13780420372032
52.43252885091236
41.07962535427198
48.76479453460443
32.91050843144184
53.789514498846074
23.865335853060387
23.967476861926347
70.91795200596202
68.06894501657735
59.90031841954574
41.41453974223705
45.41102733064853
40.79748405185656
42.27645029538043
63.96020927588757
49.975034044508504
43.01607628119084
45.92173259280309
33.823890165753376
59.75114468140268
48.944278601960725
51.909267557504194
51.18417982898897
56.05787271180513
42.19441728774646
38.982127543232636
61.416204695777964
50.86784082793955
44.53350019337241
41.703924629132935
41.38190145252613
61.04953907817517
51.288730076393016
65.4633036000875
62.61340478075592
29.303828826092982
34.144341836846955
33.08869416350092
27.97913813286844
20.90698855908075
51.926969378257546
62.12705210678627
48.37885058739
46.66539510477072
50.0
50.25
50.5
50.75
51.0
51.25
51.5
51.75
52.0
52.25
52.5
52.75
53.0
53.25
53.5
53.75
54.0
54.25
54.5
54.75
55.0
55.25
55.5
55.75
56.0
56.25
56.5
56.75
57.0
57.25
57.5
57.75
58.0
58.25
58.5
58.75
59.0
59.25
59.5
59.75
60.0
60.25
60.5
60.75
61.0
61.25
61.5
61.75
62.0
62.25
62.5
62.75
63.0
63.25
63.5
63.75
64.0
64.25
64.5
64.75
65.0
65.25
65.5
65.75
66.0
66.25
66.5
66.75
67.0
67.25
67.5
67.75
68.0
68.25
68.5
68.75
69.0
69.25
69.5
69.75
70.0
70.25
70.5
70.75
71.0
71.25
71.5
71.75
72.0
72.25
72.5
72.75
73.0
73.25
73.5
73.75
74.0
74.25
74.5
74.75
75.0
75.25
75.5
75.75
76.0
76.25
76.5
76.75
77.0
77.25
77.5
77.75
78.0
78.25
78.5
78.75
79.0
79.25
79.5
79.75
80.0
80.25
80.5
80.75
81.0
81.25
81.5
81.75
82.0
82.25
82.5
82.75
83.0
83.25
83.5
83.75
84.0
84.25
84.5
84.75
85.0
85.25
85.5
85.75
86.0
86.25
86.5
86.75
87.0
87.25
87.5
87.75
88.0
88.25
88.5
88.75
89.0
89.25
89.5
89.75
90.0
90.25
90.5
90.75
91.0
91.25
91.5
91.75
92.0
92.25
92.5
92.75
93.0
93.25
93.5
93.75
94.0
94.25
94.5
94.75
95.0
95.25
95.5
95.75
96.0
96.25
96.5
96.75
97.0
97.25
97.5
97.75
98.0
98.25
98.5
98.75
99.0
99.25
99.5
99.75
111.88439780051554
101.05691222884492
76.99294865525944
103.34331218227376
100.08234068401151
87.52540583087668
91.27835449487841
132.84195675270593
101.55816719015418
77.01383360644311
47.47275821293517
104.01753922353282
96.10299740208848
65.84554289305191
82.92827375880047
131.3072411992883
112.88971020230252
93.96903240877575
74.37601837215013
94.61039978367211
75.28754313120862
96.52846991729851
98.41789259953774
89.6394976053766
123.59132351764882
96.44402337771844
109.69729137181672
105.7469989152365
116.89249617995709
79.63670651232434
80.31035494062343
104.78184995474487
65.9397377843199
99.02130347724189
64.57972208449613
84.78723709854042
72.28209265618317
120.44819663612157
79.94994496182552
59.24705133243727
92.34753957834828
95.4743323802038
89.74814836390257
102.82539642891857
97.24256403856575
94.83983613001877
113.14751754869965
95.45933908783321
101.3944616537768
91.4292579500358
108.38438175023938
105.0730973400209
142.2233846337171
111.72403336462708
98.12049740883602
67.27739656026876
87.20230211279613
119.25748257042946
68.74607487297413
112.13520064612621
86.59863175043378
117.44632382128765
109.56076483137251
113.32633196765256
58.16380614444678
85.63142667129664
109.36174872597351
79.79044539208587
105.95192241390968
109.4819808540105
107.0821717033726
132.56356900355098
63.00272381910963
81.5182904941938
92.7764496188141
88.5309238300995
92.33419290349764
74.28123339735363
93.05937337271104
94.29795941612723
121.65569205202895
94.05019498561525
100.59161721346209
106.67396331552939
114.43671070212989
109.45291597498709
143.38652067968866
115.82588048198316
119.10737614986449
75.79079888978093
129.62979162457682
108.04829956262634
116.56881183073932
119.4449341284139
80.23846833260865
71.0537084440744
95.32322230966011
73.24835106218896
99.73107236779867
109.24455377515184
107.26386244974078
132.01573522994204
82.81848809571628
123.61218809285165
120.93569992927988
95.2981674273696
109.919010776527
105.73124590486411
91.2631751344005
69.72162454027604
140.0255305084954
89.5552998665384
97.3542532685513
98.03095628969695
69.070393853405
91.3835897891092
94.87186781903057
111.48814492023007
137.56107219408875
114.56555023954729
103.17200574752955
90.60319049828306
81.86988881815029
133.49368677443914
72.39419102792304
87.88649863363105
124.67431329425001
90.50021934315635
104.16349305170559
77.4408418884985
85.57307774243131
92.9179273057527
63.26608175387818
87.4592505115398
107.04486769296345
135.60233823423775
88.3548810381403
70.88980167614133
99.36918258775013
121.17836986571237
132.14261679408915
88.77989141350386
111.65653274659513
137.0236173148433
78.49526740618317
125.26150154151087
90.3739127364078
77.65423622977593
56.43200124251366
112.24042133833942
96.54860574620497
75.08291203919357
119.43549173699647
109.93068517952764
85.59297117990269
75.3941783707047
101.7070911196981
113.73922087903452
100.70482888643768
81.11216514756786
146.8233336355977
74.62498747099532
121.1571809845388
104.90953645582083
84.1513995173415
86.42087890107963
92.00079025369718
135.31714272797083
120.6490662359677
116.6549446423247
125.9668581760247
108.83218357155295
99.79164674821091
56.788509000160765
113.03613408975573
89.63020910949592
107.7641448236446
127.1820902711723
74.4083746526072
95.0900968285354
84.5221503502812
132.42985991093002
82.88621290633179
96.50038672329721
80.80454405868643
74.97085219029537
120.38338614508677
109.40731185296757
114.32547761699506
97.6993959793271
94.81622417449552
127.01586505256815
72.48455894915105
115.13696824803006
111.98394919243913
68.72662256373931
65.32607072219452
113.16366596323762
80.36281926315475
85.7785938940284
100.0
99.75
99.5
99.25
99.0
98.75
98.5
98.25
98.0
97.75
97.5
97.25
97.0
96.75
96.5
96.25
96.0
95.75
95.5
95.25
95.0
94.75
94.5
94.25
94.0
93.75
93.5
93.25
93.0
92.75
92.5
92.25
92.0
91.75
91.5
91.25
91.0
90.75
90.5
90.25
90.0
89.75
89.5
89.25
89.0
88.75
88.5
88.25
88.0
87.75
87.5
87.25
87.0
86.75
86.5
86.25
86.0
85.75
85.5
85.25
85.0
84.75
84.5
84.25
84.0
83.75
83.5
83.25
83.0
82.75
82.5
82.25
82.0
81.75
81.5
81.25
81.0
80.75
80.5
80.25
80.0
79.75
79.5
79.25
79.0
78.75
78.5
78.25
78.0
77.75
77.5
77.25
77.0
76.75
76.5
76.25
76.0
75.75
75.5
75.25
75.0
74.75
74.5
74.25
74.0
73.75
73.5
73.25
73.0
72.75
72.5
72.25
72.0
71.75
71.5
71.25
71.0
70.75
70.5
70.25
70.0
69.75
69.5
69.25
69.0
68.75
68.5
68.25
68.0
67.75
67.5
67.25
67.0
66.75
66.5
66.25
66.0
65.75
65.5
65.25
65.0
64.75
64.5
64.25
64.0
63.75
63.5
63.25
63.0
62.75
62.5
62.25
62.0
61.75
61.5
61.25
61.0
60.75
60.5
60.25
60.0
59.75
59.5
59.25
59.0
58.75
58.5
58.25
58.0
57.75
57.5
57.25
57.0
56.75
56.5
56.25
56.0
55.75
55.5
55.25
55.0
54.75
54.5
54.25
54.0
53.75
53.5
53.25
53.0
52.75
52.5
52.25
52.0
51.75
51.5
51.25
51.0
50.75
50.5
50.25
34.208210369556
85.1701088558342
51.090445768644386
51.552604560423
40.012551553006325
24.60787156411275
56.09377277464184
90.34417444945308
68.51914432294504
9.856577142260655
31.444050907848208
67.02711003299763
44.48344695607471
58.38507646280718
52.44870365507687
62.297245072954944
46.87892644122388
1.5914484840268983
58.23594807947978
50.09877368047462
-3.1831489694317483
0.212242469220854
70.87944922230726
63.80794242429289
30.334736872686467
62.13466484180296
40.03300605279651
38.13825804402528
76.19630308207614
44.998399026609796
52.36098851444987
71.06822378794989
75.49073624494484
34.68407173029104
74.67732714875666
22.159099197514756
80.95493695071035
23.32552454637917
49.61757008787935
66.20503252148708
61.24629728798835
10.703630164206054
23.480424344861383
81.21940851146093
46.25387361490319
15.478460848598523
37.57339726354867
42.62258780035588
60.77019453076878
91.23179349699103
60.38485710761663
51.673580973200266
53.436984966472515
45.261526630986836
50.16168058833191
42.04835670500026
43.72649876248457
72.34343379261276
28.584193844049736
65.37217382633854
47.20440528477386
75.83051729432007
47.35780682208512
18.702071631343692
76.94346723929252
33.33174532266715
63.5448546968911
56.25544092224846
62.02869334122675
53.23913104801369
41.15981326412049
79.92731605690079
49.825075993903816
43.13558681486877
58.84183355242722
43.759604774961666
51.46859234208396
74.11327699328143
49.60966898913486
45.631494051425264
-7.606345851859302
61.64214279660112
53.62018574986177
64.81563991287416
37.84403279096213
13.766635189164816
52.873199017181236
71.45108331428445
51.68974956734988
23.959295414426236
16.22810975932709
47.51581456142669
19.689308434169256
58.16081231709852
67.94715423541311
58.42341832216283
32.16605746812323
62.727498337124594
65.45469745244333
19.846602548489024
22.89232822816439
75.43347779783495
59.70217060255774
41.47502806530718
27.589489517061665
41.37756727979749
41.59300604207658
41.94633292604475
46.89431077071998
31.336776498016587
9.093460784707787
62.02266174779068
58.23100416642144
67.29898515952837
52.706937437293085
77.48313819998621
60.84057964304385
45.27390360961256
30.252495125660253
14.170103927831114
33.55931284715146
30.20327498710158
55.603812355998315
60.57422723449399
35.957713647308864
9.690693668460959
48.921710510186365
29.99993910063116
50.64397835992223
23.6018362033776
-1.268143284921635
44.05079526245411
24.61627366064059
48.47348595013165
41.03950497127852
58.76012440976196
93.15738399148023
75.08753770583124
15.866742512230758
57.640014839273455
51.56451277948132
65.83356599049145
25.155228270925896
68.8006216049845
38.84298878117722
35.54569478574122
40.841547015020694
46.917519630706465
52.7489361319531
35.04849072491133
55.52461783887817
44.287200431849314
34.35980453224939
64.31538767995603
44.02921172610318
40.616659885737604
54.29600076650474
92.80242173600243
84.59772599174835
54.320031528741566
55.03021060182976
58.82087746868175
74.87995632339351
41.350619320394784
34.15475322939425
48.76516943342185
66.00336284614636
36.91068706754987
77.4006513822444
61.05647867056066
71.45562552348598
51.19092373627333
59.075048218940516
35.94414771213525
15.49353064912777
46.997786165815675
50.88706435593502
59.904523022874145
60.76515394624551
77.40010804688214
63.91906005875644
96.10336502230209
46.6133619732788
22.71809991152011
53.967309514227786
45.36500751078984
68.42737713224496
57.79396081651384
56.74502868799293
61.114860168771685
67.84832472761707
69.03354422018037
46.51419935329213
63.825688178274184
58.75246919956665
47.14603556194482
38.75765398329707
58.50920969368342
75.49624255002834
49.03675344878291
